1:Sentence DistF
7;0;72;0;;;;;;0;0;0;79;;;;;;0;0;0;79;;;;;;10;0;69;0;;;;;;22;0;57;0;;;;;;0;1103;0;75;;;;;;0;1010;0;168;;;;;;
2:+Binding
22;0;57;0;;;;;;0;0;0;79;;;;;;0;0;0;79;;;;;;20;0;59;0;;;;;;22;0;57;0;;;;;;0;1103;0;75;;;;;;0;1010;0;168;;;;;;
3:+PrepositionalParallel
22;0;57;0;;;;;;0;0;0;79;;;;;;0;0;0;79;;;;;;20;0;59;0;;;;;;22;0;57;0;;;;;;0;1103;0;75;;;;;;0;1010;0;168;;;;;;
3:+SingularPluralMatch
28;0;51;0;;;;;;0;0;0;79;;;;;;0;0;0;79;;;;;;24;0;55;0;;;;;;22;0;57;0;;;;;;0;1103;0;75;;;;;;0;1010;0;168;;;;;;
4:+AntecedentFrequency
45;0;34;0;;;;;;0;0;0;79;;;;;;0;0;0;79;;;;;;46;0;33;0;;;;;;22;0;57;0;;;;;;0;1103;0;75;;;;;;0;1010;0;168;;;;;;
5: +SubjObjPredPron
43;0;36;0;;;;;;35;0;25;19;;;;;;37;0;23;19;;;;;;41;0;38;0;;;;;;22;0;57;0;;;;;;40;996;107;35;;;;;;68;931;79;100;;;;;;
6: HeadWordEmphasis,Conjunction,PrenominalModifier
43;0;36;0;;;;;;33;0;24;22;;;;;;35;0;22;22;;;;;;40;0;39;0;;;;;;22;0;57;0;;;;;;38;1005;98;37;;;;;;66;940;70;102;;;;;;
7: Org,Person,Time,Date,Money,Number
43;0;36;0;;;;;;34;0;24;21;;;;;;35;0;23;21;;;;;;41;0;38;0;;;;;;22;0;57;0;;;;;;39;1003;100;36;;;;;;67;938;72;101;;;;;;
8:Definite,HisHer,HeHis
45;0;34;0;;;;;;37;0;22;20;;;;;;38;0;21;20;;;;;;40;0;39;0;;;;;;22;0;57;0;;;;;;43;954;149;32;;;;;;77;895;115;91;;;;;;
9: Pronoun Features
48;0;31;0;;;;;;46;0;26;7;;;;;;48;0;24;7;;;;;;40;0;39;0;;;;;;22;0;57;0;;;;;;51;944;159;24;;;;;;84;884;126;84;;;;;;
10: Std. Gender Features
48;0;31;0;;;;;;46;0;24;9;;;;;;48;0;22;9;;;;;;42;0;37;0;;;;;;22;0;57;0;;;;;;50;969;134;25;;;;;;81;907;103;87;;;;;;
11: Corpus gender freq
48;0;31;0;;;;;;46;0;24;9;;;;;;48;0;22;9;;;;;;42;0;37;0;;;;;;22;0;57;0;;;;;;50;969;134;25;;;;;;81;907;103;87;;;;;;
12: Own features:
48;0;31;0;;;;;;46;0;24;9;;;;;;48;0;22;9;;;;;;42;0;37;0;;;;;;22;0;57;0;;;;;;50;969;134;25;;;;;;81;907;103;87;;;;;;
